//bounds

4598679622703542016 4617202365020963324
4623101517582865302 4628827703771578529
4614563818589277704 4611233406664837102
4628371292096842179 4624014340932337924
4625838017306446248 4617202365020963335
4629215717026974156 4628827703771578497
4614563818589277688 4626294428981182599
4628371292096842181 4629672128701710467
4598679622703541079 4611233406664837008
4624790367443129244 4625450004051050630
4598679622703543735 4611233406664837072
4629215717026974119 4629672128701710465
4624790367443129154 4625450004051050616
4629215717026974147 4629672128701710472



elements
0
4598679622703542016 4617202365020963324
4598679622703542016 4628827703771578529
4598679622703542016 4628827703771578529
4623101517582865302 4625450004051050626
4623101517582865302 4625450004051050626
4598679622703542016 4617202365020963324

1
4614563818589277704 4611233406664837102
4624790367443129234 4624014340932337924
4624790367443129234 4624014340932337924
4628371292096842179 4611233406664837102
4628371292096842179 4611233406664837102
4614563818589277704 4611233406664837102

2
4629215717026974156 4617202365020963335
4625838017306446248 4625450004051050614
4625838017306446248 4625450004051050614
4629215717026974156 4628827703771578497
4629215717026974156 4628827703771578497
4629215717026974156 4617202365020963335

3
4628371292096842181 4629672128701710467
4624790367443129163 4626294428981182599
4624790367443129163 4626294428981182599
4613563818589277688 4629672128701710467
4614563818589277688 4629672128701710467
4628371292096842181 4629672128701710467

4
4614563818589277595 4611233406664837008
4598679622703541079 4617202365020963352
4598679622703541079 4617202365020963352
4623101517582865296 4625450004051050630
4623101517582865296 4625450004051050630
4624790367443129244 4624014340932337907
4624790367443129244 4624014340932337907
4614563818589277595 4611233406664837008

5
4628371292096842176 4611233406664837072
4598679622703543735 4628827703771578528
4598679622703543735 4628827703771578528
4614563818589277682 4629672128701710465
4614563818589277682 4629672128701710465
4629215717026974119 4617202365020963192
4629215717026974119 4617202365020963192
4628371292096842176 4611233406664837072

6

4625838017306446242 4625450004051050616
4624790367443129154 4626294428981182592
4624790367443129154 4626294428981182592
4628371292096842178 4629672128701710472
4628371292096842178 4629672128701710472
4629215717026974147 4628827703771578496
4629215717026974147 4628827703771578496
4625838017306446242 4625450004051050616
